leak_tau = 10.0
tag_tau = 60.0
spike_threshold = 1.0
learning_rate = 0.4000000059604645
punish_rate = 0.5
cooldown_ticks = 2
coincidence_threshold = 8
sleep_strong_decay = 0.800000011920929
sleep_medium_decay = 0.8500000238418579
sleep_weak_shredder = 0.25
sleep_death_threshold = 0.20000000298023224
max_synapse_weight = 3.0
max_synaptic_fanout = 8
base_hebbian_weight = 0.5
